%    C    D     E    F    G
H = [0    1/2  1/3  1/4  0;
     1/2  0    0    1/4  1/2;
     1/2  1/2  1/3  1/4  0;
     0    0    0    0    1/2;
     0    0    1/3  1/4  0]
     
B = 0.8;     
BH = B * H;

b = (1-B);

N = zeros(5, 5);
N(:, :) = 1/5;

A = BH + b*N

% b

v = [0.2; 0.2; 0.2; 0.2; 0.2];

rank = A^10 * v