% a)

T = [0.7 0.2 0.1;
     0.2 0.3 0.5;
     0.3 0.3 0.4]

% b)
x_0 = [1; 0; 0];
dia2 = T^2 * x_0

% c)
%...

% d)
%...